a000_1: device: asus5, ori_error (game_rv): 3.520
Gyro uncalib:  <HDF5 dataset "gyro_uncalib": shape (53235, 3), type "<f8">
acce_uncalib:  <HDF5 dataset "acce": shape (53235, 3), type "<f8">
gyro calibrated:  [[ 0.00681336  0.01963831 -0.00448808]
 [ 0.00718336  0.0177144  -0.00330663]
 [ 0.0078719   0.01590628 -0.00460158]
 ...
 [ 0.01674018  0.03399248  0.00031725]
 [ 0.01557729  0.0249294  -0.00283095]
 [ 0.01155     0.01870116 -0.00627545]]
accelaration_calibrated:  [[-9.7824905  -0.14074746 -0.63055795]
 [-9.79854347 -0.16053454 -0.58046499]
 [-9.85120945 -0.13675728 -0.48162335]
 ...
 [-9.74734552  0.45495716  0.22240877]
 [-9.70609422  0.43305906  0.25356241]
 [-9.69920725  0.40955136  0.18707476]]
timeseries:  [2063.59865383 2063.60365383 2063.60865383 ... 2329.75865383 2329.76365383
 2329.76865383]
tango_pos:  [[-0.027668   -0.009914    0.009769  ]
 [-0.02766835 -0.009914    0.009769  ]
 [-0.027669   -0.00991399  0.009769  ]
 ...
 [ 0.1053918   0.55492901  0.14791899]
 [ 0.1054433   0.55502739  0.1479094 ]
 [ 0.10549481  0.55512577  0.14789851]]
initial_tango_orientation:  quaternion(0.48316988825804, 0.513803508601527, 0.458441779770873, -0.540725078104488)
------------Compute the IMU orientation in the Tango coordinate frame------------------------
ori:  [[ 0.41569967  0.57221767  0.44546025 -0.54893147]
 [ 0.41565063  0.57225022  0.44548794 -0.54891273]
 [ 0.41561345  0.57225876  0.44550124 -0.54892153]
 ...
 [ 0.41605808  0.5842346   0.38117458 -0.58332763]
 [ 0.4160163   0.58428555  0.38117315 -0.58330783]
 [ 0.41596851  0.58432321  0.38118908 -0.58329414]]
<class 'numpy.ndarray'>
orietation_quaternion:  [quaternion(0.415699669769361, 0.572217671249134, 0.44546025344556, -0.54893147240657)
 quaternion(0.415650629162521, 0.572250222463369, 0.445487938631271, -0.548912728604766)
 quaternion(0.415613454261136, 0.572258764604943, 0.4455012354697, -0.548921529166205)
 ...
 quaternion(0.416058079329345, 0.584234597417842, 0.381174581503475, -0.583327626795607)
 quaternion(0.416016301128022, 0.58428554923757, 0.381173150062658, -0.583307825430587)
 quaternion(0.415968513253334, 0.584323205431055, 0.381189083531143, -0.583294138269223)]
Rot_imu_to_tango_quaternion quaternion(0, 0.9999755, 0.00699946, 0)
initial_rotor:  quaternion(0.0740343561014136, 0.00069052442431633, -9.9096062694648e-05, -0.997255213046644)
orientation_quaternion:  [quaternion(-0.516999702000697, 0.486942774517204, -0.53732983622956, -0.454834145139394)
 quaternion(-0.516984660070301, 0.486972757899992, -0.537360256526071, -0.45478382911028)
 quaternion(-0.516996193276854, 0.486986625855306, -0.537367781037526, -0.454747397761694)
 ...
 quaternion(-0.551289580090929, 0.423726874454, -0.554049410957148, -0.457781268080591)
 quaternion(-0.551272961423998, 0.423729188316243, -0.554100338434055, -0.457738134509541)
 quaternion(-0.551262874199085, 0.423747831547751, -0.554136716360961, -0.45768944974818)]
dt:  [[1.]
 [1.]
 [1.]
 ...
 [1.]
 [1.]
 [1.]]
global_velocity:  [[ 1.16877736e-05 -9.04605364e-04  6.41941751e-04]
 [ 8.40915619e-06 -9.08004445e-04  6.50598948e-04]
 [ 5.26175632e-06 -9.12023738e-04  6.59026173e-04]
 ...
 [ 9.51951491e-03  1.76957261e-02 -4.24187123e-04]
 [ 9.53568523e-03  1.77366151e-02 -4.38808497e-04]
 [ 9.55373837e-03  1.77826885e-02 -4.59066232e-04]]
gyro_quaternion:  [quaternion(0, 0.00681335892526802, 0.0196383124901359, -0.0044880779516778)
 quaternion(0, 0.00718335863719357, 0.0177143981179466, -0.00330663120955171)
 quaternion(0, 0.00787189634259224, 0.0159062813910127, -0.00460158203195056)
 ...
 quaternion(0, 0.0167401811599528, 0.0339924828192101, 0.000317249351801569)
 quaternion(0, 0.015577289481866, 0.0249294014038785, -0.0028309549368306)
 quaternion(0, 0.01154999849785, 0.0187011596561315, -0.00627545010626654)]
acce_quaterion:  [quaternion(0, -9.78249050126575, -0.140747461206591, -0.630557953470104)
 quaternion(0, -9.79854346896209, -0.160534541737218, -0.580464989104964)
 quaternion(0, -9.85120945222939, -0.136757283990894, -0.481623348283481)
 ...
 quaternion(0, -9.74734552051594, 0.454957157516599, 0.222408766054975)
 quaternion(0, -9.70609422140258, 0.433059062858654, 0.25356240833613)
 quaternion(0, -9.69920724644572, 0.409551359935008, 0.187074756985956)]
global_gyro:  [[-0.01995811 -0.00261461 -0.00686041]
 [-0.01791004 -0.00167769 -0.00726294]
 [-0.01625306 -0.00320157 -0.00785743]
 ...
 [-0.03360077  0.0084375  -0.01534984]
 [-0.02543456  0.00331895 -0.01463587]
 [-0.02000151 -0.00156086 -0.01095539]]
global_accelation:  [[-1.73113894e-02 -1.22996451e-01  9.80300935e+00]
 [ 7.56625920e-03 -7.34052163e-02  9.81675690e+00]
 [-5.90503348e-03  3.06204335e-02  9.86387804e+00]
 ...
 [-7.13265330e-02 -2.55627243e-02  9.76018877e+00]
 [-4.40618122e-02  2.47362050e-03  9.71895532e+00]
 [-3.62865280e-02 -6.61569689e-02  9.70936036e+00]]
-------features:  [[ 8.72791613e-03 -8.95227740e-03  1.52721920e-02 -1.57077770e-02
   6.99382029e-02  9.74906168e+00]
 [ 1.00058505e-02 -1.24914868e-02  1.11408434e-02 -6.66950144e-03
   4.32473538e-02  9.74468472e+00]
 [ 1.00655708e-02 -1.13766883e-02  6.49241499e-03  2.42399470e-03
   3.04785984e-02  9.74241729e+00]
 ...
 [-3.36007697e-02  8.43749680e-03 -1.53498388e-02 -7.13265330e-02
  -2.55627243e-02  9.76018877e+00]
 [-2.54345554e-02  3.31895182e-03 -1.46358708e-02 -4.40618122e-02
   2.47362050e-03  9.71895532e+00]
 [-2.00015118e-02 -1.56085519e-03 -1.09553863e-02 -3.62865280e-02
  -6.61569689e-02  9.70936036e+00]]
--------global_targets:  [[-0.00053573 -0.01591677]
 [-0.00042987 -0.01582186]
 [-0.00029947 -0.01571545]
 ...
 [ 0.00951951  0.01769573]
 [ 0.00953569  0.01773662]
 [ 0.00955374  0.01778269]]
